         Civil Engineering, University of NSW                                                        HYRATAB V97  Output 14/09/2001

                                                                                                                 Station   213304

         Rating Table   1.01  01/01/1958 to Present         C.T.F. =    0.0200

                    100  Stream Water Level in Metres
                    140  Stream Discharge in Cubic Metres/Second


     G.H.                  0      0.01      0.02      0.03      0.04      0.05      0.06      0.07      0.08      0.09

    0.00                 0.0       0.0       0.0   0.00634    0.0149    0.0280    0.0415    0.0564    0.0759    0.0980
    0.10               0.120     0.145     0.175     0.205     0.240     0.280     0.317     0.357     0.400     0.448
    0.20               0.500     0.540     0.591     0.644     0.700     0.749     0.800     0.857     0.916     0.978
    0.30                1.04      1.11      1.18      1.25      1.32      1.40      1.48      1.56      1.65      1.73
    0.40                1.81      1.90      1.98      2.07      2.15      2.25      2.35      2.45      2.55      2.66
    0.50                2.77      2.88      3.00      3.10      3.20      3.30      3.40      3.50      3.60      3.70
    0.60                3.81      3.92      4.03      4.15      4.26      4.38      4.50      4.62      4.75      4.87
    0.70                5.00      5.12      5.24      5.36      5.49      5.61      5.74      5.87      6.00      6.15
    0.80                6.30      6.45      6.60      6.72      6.83      6.95      7.07      7.19      7.31      7.43
    0.90                7.55      7.68      7.80      7.93      8.06      8.19      8.33      8.46      8.60      8.74

    1.00                8.88      9.02      9.16      9.31      9.45      9.60      9.74      9.87      10.0      10.2
    1.10                10.3      10.4      10.6      10.7      10.9      11.0      11.1      11.3      11.4      11.6
    1.20                11.7      11.9      12.0      12.2      12.3      12.5      12.6      12.7      12.8      12.9
    1.30                13.0      13.2      13.3      13.5      13.6      13.8      13.9      14.1      14.2      14.4
    1.40                14.5      14.7      14.8      15.0      15.2      15.3      15.5      15.7      15.8      16.0
    1.50                16.2      16.3      16.5      16.7      16.8      17.0      17.1      17.3      17.4      17.6
    1.60                17.7      17.9      18.0      18.2      18.3      18.5      18.6      18.8      18.9      19.1
    1.70                19.2      19.4      19.5      19.7      19.8      20.0      20.2      20.4      20.6      20.8
    1.80                21.0      21.2      21.3      21.5      21.6      21.8      22.0      22.1      22.3      22.4
    1.90                22.6      22.8      22.9      23.1      23.3      23.4      23.6      23.8      23.9      24.1

    2.00                24.3      24.4      24.6      24.8      25.0      25.1      25.3      25.5      25.7      25.8
    2.10                26.0      26.2      26.3      26.5      26.7      26.8      27.0      27.2      27.3      27.5
    2.20                27.7      27.8      28.0      28.2      28.3      28.5      28.7      28.9      29.0      29.2
    2.30                29.4      29.6      29.7      29.9      30.1      30.3      30.4      30.6      30.8      31.0
    2.40                31.2      31.3      31.5      31.7      31.9      32.1      32.3      32.4      32.6      32.8
    2.50                33.0      33.2      33.4      33.5      33.7      33.9      34.1      34.3      34.4      34.6
    2.60                34.8      35.0      35.2      35.3      35.5      35.7      35.9      36.1      36.3      36.5
    2.70                36.7      36.8      37.0      37.2      37.4      37.6      37.8      38.0      38.2      38.4
    2.80                38.6      38.8      39.0      39.1      39.3      39.5      39.7      39.9      40.1      40.3
    2.90                40.5      40.7      40.9      41.1      41.3      41.5      41.7      41.9      42.1      42.4

    3.00                42.6      42.8      43.0      43.2      43.4      43.6      43.8      44.0      44.2      44.4
    3.10                44.6      44.9      45.1      45.3      45.5      45.7      45.9      46.1      46.4      46.6
    3.20                46.8      47.0      47.2      47.5      47.7      47.9      48.1      48.3      48.6      48.8
    3.30                49.0      49.4      49.8      50.2      50.5      50.9      51.3      51.7      52.1      52.5
    3.40                52.9      53.3      53.7      54.1      54.5      54.9      55.3      55.7      56.1      56.5
    3.50                56.9      57.4      57.8      58.2      58.6      59.0      59.5      59.9      60.3      60.7
    3.60                61.2      61.6      62.1      62.5      62.9      63.4      63.8      64.3      64.7      65.2











         Civil Engineering, University of NSW                                                        HYRATAB V97  Output 14/09/2001

                                                                                                                 Station   213304

         Rating Table   1.01  01/01/1958 to Present         C.T.F. =    0.0200

                    100  Stream Water Level in Metres
                    140  Stream Discharge in Cubic Metres/Second


     G.H.                  0      0.01      0.02      0.03      0.04      0.05      0.06      0.07      0.08      0.09

    3.70                65.6      66.1      66.5      67.0      67.4      67.9      68.3      68.8      69.3      69.7
    3.80                70.2      70.7      71.2      71.6      72.1      72.6      73.1      73.6      74.0      74.5
    3.90                75.0      75.5      76.0      76.5      77.0      77.5      78.0      78.5      79.0      79.5

    4.00                80.0
                                        ------------------ Notes -------------------
                                        All rated data has been coded as reliable













































